adidas 166 118 221 161
adidas 264 102 308 151
adidas 354 103 392 152
adidas 406 125 465 164
adidas 480 83 523 137
adidas 584 74 631 125
adidas 645 154 702 193
adidas 167 195 208 255
adidas 228 197 286 238
adidas 311 195 370 237
adidas 404 214 460 248
adidas 505 185 558 234
adidas 574 188 618 242
adidas 642 237 685 292
adidas 170 294 207 350
adidas 253 282 293 341
adidas 349 275 387 335
adidas 480 277 518 333
adidas 559 267 605 324
adidas 644 325 690 384
adidas 564 360 609 411
adidas 625 429 674 486
adidas 134 374 172 434
adidas 220 364 257 420
adidas 301 364 348 419
adidas 389 357 437 417
adidas 483 359 525 422
adidas 541 433 583 493
adidas 449 442 496 501
adidas 358 442 409 499
adidas 269 443 317 502
adidas 186 445 227 500
