361 0.9484 416 127 477 175
361 0.8042 460 457 505 500
361 0.1738 425 403 454 417
361 0.0621 444 382 471 396
361 0.0340 393 131 501 184
361 0.0171 409 397 470 420
361 0.0130 424 410 457 423
adidas 0.0593 145 480 175 496
adidas 0.0121 141 445 178 463
adidas 0.0117 425 403 454 417
anta 0.0296 451 455 506 492
anta 0.0104 141 445 178 463
erke 0.0110 286 672 317 687
kappa 0.0289 286 672 317 687
kappa 0.0247 141 445 178 463
lining 0.4602 141 445 178 463
lining 0.0550 138 439 184 469
lining 0.0110 402 671 425 679
xtep 0.0106 150 485 174 500
