361 0.0139 266 394 509 671
361 0.0133 358 224 529 364
361 0.0103 293 444 481 616
adidas 0.8253 365 40 470 99
adidas 0.6694 299 507 428 580
adidas 0.6011 357 266 481 324
adidas 0.5334 9 507 104 566
adidas 0.3091 56 315 149 377
adidas 0.1204 92 147 185 200
adidas 0.0319 397 252 468 337
adidas 0.0135 325 498 398 589
erke 0.0457 96 144 164 199
erke 0.0155 21 505 97 562
kappa 0.0970 298 482 484 649
kappa 0.0538 266 394 509 671
kappa 0.0279 358 224 529 364
kappa 0.0113 273 441 451 616
puma 0.0267 63 318 136 365
xtep 0.0214 52 325 127 372
