361 0.2620 336 89 390 156
361 0.2120 640 228 692 291
361 0.0706 561 265 615 323
361 0.0682 644 142 699 196
361 0.0586 472 269 525 337
361 0.0469 155 189 204 251
361 0.0402 340 270 404 336
361 0.0179 161 285 220 352
361 0.0160 481 77 539 131
361 0.0152 127 364 187 428
361 0.0145 164 109 218 169
361 0.0101 641 320 690 381
adidas 0.9961 403 205 464 249
adidas 0.9744 542 424 576 499
adidas 0.9704 408 116 464 168
adidas 0.9559 315 180 371 245
adidas 0.9537 480 352 517 433
adidas 0.9525 228 185 286 243
adidas 0.9342 480 74 515 138
adidas 0.8799 645 314 683 386
adidas 0.8772 130 362 163 434
adidas 0.8434 574 73 631 120
adidas 0.8326 220 353 255 422
adidas 0.8198 572 172 608 247
adidas 0.8155 568 347 607 418
adidas 0.8091 362 431 398 499
adidas 0.7932 561 266 598 325
adidas 0.7836 344 266 381 340
adidas 0.7603 449 428 487 512
adidas 0.7465 354 90 389 155
adidas 0.7278 392 343 430 418
adidas 0.7004 161 285 220 352
adidas 0.6917 253 272 289 343
adidas 0.6893 262 82 303 155
adidas 0.6513 279 424 316 503
adidas 0.6502 170 190 207 259
adidas 0.6380 477 263 517 341
adidas 0.6355 177 438 234 504
adidas 0.6236 500 177 555 232
adidas 0.5704 301 354 338 419
adidas 0.5393 641 229 676 291
adidas 0.4211 632 421 668 489
adidas 0.2439 644 142 699 196
adidas 0.2085 164 109 218 169
adidas 0.0803 281 268 310 343
adidas 0.0697 279 85 306 153
adidas 0.0488 374 268 403 337
adidas 0.0441 294 420 327 500
adidas 0.0433 161 360 187 432
adidas 0.0386 390 425 419 498
adidas 0.0377 204 429 236 501
adidas 0.0374 232 347 267 424
adidas 0.0357 490 69 529 139
adidas 0.0328 139 353 175 439
adidas 0.0300 574 175 631 232
adidas 0.0297 444 439 512 501
adidas 0.0256 462 425 497 506
adidas 0.0232 492 353 525 425
adidas 0.0231 648 415 683 477
adidas 0.0188 556 421 585 499
adidas 0.0180 264 279 324 333
adidas 0.0157 483 267 541 326
adidas 0.0149 477 366 540 420
adidas 0.0147 324 86 380 156
adidas 0.0123 587 346 617 420
adidas 0.0123 484 431 508 510
adidas 0.0120 494 263 529 341
adidas 0.0119 542 432 599 487
adidas 0.0105 254 354 277 417
puma 0.0216 354 90 389 155
puma 0.0189 170 190 207 259
puma 0.0117 632 421 668 489
