361 0.0114 30 15 115 62
erke 0.1210 75 -1 222 12
erke 0.1142 -1 0 144 12
erke 0.0660 122 -1 295 11
erke 0.0388 183 0 354 12
kappa 0.9880 290 284 437 356
kappa 0.8469 30 15 115 62
kappa 0.3519 497 369 529 388
kappa 0.2827 499 355 530 373
kappa 0.2299 503 324 529 342
kappa 0.2141 502 339 530 357
kappa 0.1856 496 384 528 403
kappa 0.1617 486 430 517 447
kappa 0.1260 495 399 524 419
kappa 0.1244 489 417 520 434
kappa 0.1113 505 310 528 326
kappa 0.0754 486 444 510 463
kappa 0.0637 506 295 526 311
kappa 0.0593 -1 0 144 12
kappa 0.0569 228 415 248 431
kappa 0.0447 231 430 251 443
kappa 0.0428 239 448 264 462
kappa 0.0343 224 401 244 419
kappa 0.0218 245 461 267 476
kappa 0.0203 492 360 532 394
kappa 0.0154 219 384 236 400
kappa 0.0122 493 345 533 381
kappa 0.0113 488 456 503 476
kappa 0.0108 491 376 531 408
kappa 0.0102 496 313 533 351
