kappa 0.3582 104 356 132 374
kappa 0.3506 194 85 219 99
kappa 0.0580 71 133 83 143
kappa 0.0561 66 240 80 249
kappa 0.0548 70 190 82 198
kappa 0.0375 92 401 105 414
kappa 0.0344 107 357 129 367
kappa 0.0267 69 215 80 223
kappa 0.0261 68 231 80 241
kappa 0.0211 72 122 82 132
kappa 0.0200 69 206 80 214
kappa 0.0173 71 149 82 157
kappa 0.0157 75 90 84 102
kappa 0.0152 72 107 82 116
kappa 0.0151 75 96 84 109
kappa 0.0143 66 254 79 265
kappa 0.0141 90 396 107 420
kappa 0.0140 75 79 86 92
kappa 0.0139 70 199 81 207
kappa 0.0137 72 116 82 126
kappa 0.0100 67 246 79 257
