adidas 0.0797 607 211 627 229
adidas 0.0644 460 312 485 364
adidas 0.0283 599 186 618 202
adidas 0.0278 591 155 610 175
adidas 0.0183 621 239 638 259
kappa 0.9802 72 254 127 281
kappa 0.9520 478 179 526 208
kappa 0.7056 145 314 178 333
kappa 0.6350 168 445 195 465
kappa 0.6216 162 418 194 434
kappa 0.5921 170 471 204 491
kappa 0.4975 145 285 174 306
kappa 0.4866 635 319 654 337
kappa 0.4757 633 347 659 366
kappa 0.4100 151 341 180 359
kappa 0.3903 607 211 627 229
kappa 0.3376 161 389 190 408
kappa 0.2290 146 260 172 280
kappa 0.2116 638 378 662 393
kappa 0.1882 621 239 638 259
kappa 0.1650 631 461 649 472
kappa 0.1624 599 186 618 202
kappa 0.1556 640 407 659 420
kappa 0.1193 145 232 164 251
kappa 0.1187 460 312 485 364
kappa 0.1051 635 290 649 311
kappa 0.1041 627 268 644 284
kappa 0.1008 637 434 653 447
kappa 0.0960 639 412 657 425
kappa 0.0890 591 155 610 175
kappa 0.0866 635 324 657 342
kappa 0.0737 636 295 651 317
kappa 0.0719 159 369 184 388
kappa 0.0489 636 444 651 456
kappa 0.0453 161 438 200 469
kappa 0.0434 106 134 126 149
kappa 0.0409 143 215 160 229
kappa 0.0375 115 155 134 177
kappa 0.0353 628 264 640 278
kappa 0.0301 163 398 195 415
kappa 0.0299 627 341 663 370
kappa 0.0298 135 100 719 493
kappa 0.0295 74 76 92 92
kappa 0.0274 157 411 197 439
kappa 0.0252 602 204 632 239
kappa 0.0214 621 236 634 253
kappa 0.0209 276 57 578 442
kappa 0.0200 142 252 175 285
kappa 0.0197 146 335 184 365
kappa 0.0189 627 311 659 342
kappa 0.0173 167 133 182 145
kappa 0.0167 148 274 173 294
kappa 0.0159 334 211 358 265
kappa 0.0155 161 362 180 381
kappa 0.0141 145 239 164 255
kappa 0.0141 157 361 180 374
kappa 0.0135 645 383 661 399
kappa 0.0120 466 331 482 366
kappa 0.0115 147 242 168 263
kappa 0.0111 632 284 654 329
kappa 0.0108 618 231 642 269
lining 0.0397 471 271 510 406
lining 0.0183 455 265 490 417
lining 0.0176 456 217 525 462
lining 0.0128 334 175 367 338
lining 0.0117 276 57 578 442
nb 0.1473 334 175 367 338
nb 0.0266 321 133 380 382
nb 0.0173 460 312 485 364
nb 0.0130 471 271 510 406
nike 0.0981 471 271 510 406
nike 0.0479 455 265 490 417
nike 0.0168 334 175 367 338
nike 0.0123 456 217 525 462
puma 0.0521 276 57 578 442
xtep 0.0158 169 443 200 467
xtep 0.0128 460 312 485 364
xtep 0.0100 607 211 627 229
