361 0.1199 126 433 263 572
361 0.0281 126 288 275 560
361 0.0258 160 554 228 580
361 0.0211 129 188 283 481
361 0.0200 141 224 271 358
361 0.0108 140 344 262 502
adidas 0.0225 36 7 186 113
adidas 0.0113 147 563 238 579
kappa 0.8064 168 197 264 262
kappa 0.7181 148 263 267 320
kappa 0.6597 213 117 303 163
kappa 0.4557 126 433 263 572
kappa 0.2678 130 328 257 391
kappa 0.2599 129 394 259 460
kappa 0.2424 128 469 258 538
kappa 0.1860 129 188 283 481
kappa 0.1327 126 288 275 560
kappa 0.1272 141 224 271 358
kappa 0.0756 141 304 268 452
kappa 0.0554 147 563 238 579
kappa 0.0505 198 164 276 198
lining 0.1191 36 7 186 113
lining 0.0329 160 554 228 580
puma 0.0267 36 7 186 113
