361 0.0745 162 47 270 145
adidas 0.1207 18 372 53 409
adidas 0.0199 402 269 437 285
adidas 0.0158 274 412 309 441
kappa 0.9673 394 11 475 59
kappa 0.0580 162 47 270 145
nb 0.0322 18 372 53 409
nb 0.0192 463 343 474 358
nb 0.0144 467 344 476 359
nike 0.1965 274 412 309 441
nike 0.1326 18 372 53 409
nike 0.0735 438 384 477 413
nike 0.0299 436 335 462 413
nike 0.0221 423 335 446 410
nike 0.0198 420 286 479 459
nike 0.0134 283 419 304 434
nike 0.0131 27 358 54 432
nike 0.0123 19 365 45 456
xtep 0.0224 91 250 191 306
