adidas 0.0530 277 440 312 487
adidas 0.0101 210 480 227 495
anta 0.0950 67 485 101 535
anta 0.0163 236 483 273 539
anta 0.0132 70 496 97 527
kappa 0.0332 -6 381 203 539
lining 0.0144 6 9 38 168
lining 0.0120 67 485 101 535
nb 0.0629 67 485 101 535
nb 0.0220 40 483 62 501
nb 0.0145 6 38 42 181
nike 0.0461 236 483 273 539
nike 0.0211 67 485 101 535
nike 0.0154 40 483 62 501
nike 0.0138 280 449 310 480
nike 0.0125 369 469 392 492
nike 0.0117 378 472 396 491
puma 0.9856 710 189 782 243
puma 0.0619 324 174 373 219
puma 0.0145 326 176 368 202
