361 0.0280 781 9 798 35
361 0.0163 740 82 758 102
adidas 0.0616 350 430 369 453
adidas 0.0198 544 0 571 23
adidas 0.0193 442 0 503 33
adidas 0.0180 526 -3 574 28
adidas 0.0175 625 4 645 22
adidas 0.0107 490 295 512 313
erke 0.0116 104 160 130 173
kappa 0.0636 571 178 587 190
puma 0.0332 86 137 107 160
puma 0.0172 442 0 501 47
xtep 0.1091 86 137 107 160
xtep 0.0392 375 33 389 51
xtep 0.0260 258 218 277 237
xtep 0.0221 177 371 199 397
xtep 0.0129 393 1 415 19
xtep 0.0125 377 0 406 18
xtep 0.0125 177 380 202 404
xtep 0.0109 740 82 758 102
xtep 0.0105 171 364 205 404
