361 0.0640 255 63 309 120
adidas 0.0623 143 431 170 486
adidas 0.0289 307 327 324 352
adidas 0.0151 367 209 385 227
adidas 0.0135 143 456 173 524
erke 0.0333 115 302 151 334
erke 0.0104 143 431 170 486
nb 0.0136 307 327 324 352
nike 0.0357 115 303 150 335
nike 0.0261 123 381 162 502
nike 0.0215 136 426 166 491
nike 0.0200 137 380 181 498
nike 0.0165 307 327 324 352
nike 0.0122 144 422 171 475
puma 0.0454 115 302 151 334
puma 0.0104 506 247 527 266
xtep 0.5914 115 302 151 334
xtep 0.0754 143 431 170 486
xtep 0.0448 296 494 314 518
xtep 0.0295 129 295 149 331
xtep 0.0274 367 209 385 227
xtep 0.0222 486 224 509 237
xtep 0.0179 485 324 512 341
xtep 0.0171 364 339 388 360
xtep 0.0156 271 197 286 211
xtep 0.0144 506 242 525 258
xtep 0.0110 284 410 310 428
xtep 0.0108 136 413 164 483
xtep 0.0107 274 407 299 432
xtep 0.0100 488 321 510 335
